1569563313859, 1569563326205
1569563330698, 1569563342530
1569563346290, 1569563356542
1569563375185, 1569563384340
1569563394791, 1569563407646
1569563411710, 1569563419765
1569563423162, 1569563430705
1569563446684, 1569563456891
1569565116870, 1569565130202
1569565195224, 1569565207065
1569565217174, 1569565226756
1569565230432, 1569565238650
1569565241913, 1569565250724
1569565253446, 1569565261460
1569565264493, 1569565274653
1569565302931, 1569565311648
1569565553647, 1569565562503
1569565565938, 1569565573885
1569565576500, 1569565584833
1569565588493, 1569565597248
1569565619463, 1569565627342
1569565629740, 1569565638590
1569565641214, 1569565652676
1569565654664, 1569565662138
1569565664579, 1569565671319
1569565674272, 1569565682497
1569565717650, 1569565725381
1569565744758, 1569565751442
1569573894720, 1569573906660
1569573909977, 1569573920182
1569573927603, 1569573936014
1569573939005, 1569573947322
1569573950141, 1569573955442
1569573957990, 1569573964952
1569573968967, 1569573976609
1569574352660, 1569574361237
1569574364965, 1569574373774
1569574379302, 1569574387796
1569574392082, 1569574397753
1569574400717, 1569574406130
1569574409432, 1569574418055
1569574422626, 1569574428743
1569574432182, 1569574440687
1569574443050, 1569574450914
1569574537179, 1569574544810
1569574548776, 1569574556215
1569574559436, 1569574566778
1569574569981, 1569574576828
1569574579615, 1569574586082
1569574588255, 1569574594846
1569574599472, 1569574605801
1569574608514, 1569574613610
1569574615911, 1569574622691
1569574625166, 1569574633272
1569574648214, 1569574656375
1569574658660, 1569574665718
1569575821359, 1569575829759
1569575872214, 1569575880292
1569575883426, 1569575892839
1569575896007, 1569575904264
1569576381050, 1569576392586
1569576407551, 1569576414442
